50
1 0.0000006000
2 0.0000010000
3 0.0000007000
4 0.0000005000
5 0.0000007000
6 0.0000011000
7 0.0000020000
8 0.0000025000
9 0.0000028000
10 0.0000037000
11 0.0000047000
12 0.0000058000
13 0.0000071000
14 0.0000083000
15 0.0000106000
16 0.0000196000
17 0.0000245000
18 0.0000333000
19 0.0000354000
20 0.0000420000
21 0.0000454000
22 0.0000576000
23 0.0000444000
24 0.0000626000
25 0.0000507000
26 0.0000819000
27 0.0001209000
28 0.0000963000
29 0.0000935000
30 0.0001348000
31 0.0001314000
32 0.0001670000
33 0.0001700000
34 0.0001794000
35 0.0001554000
36 0.0002053000
37 0.0001824000
38 0.0002429000
39 0.0002761000
40 0.0002469000
41 0.0003049000
42 0.0003602000
43 0.0003971000
44 0.0003808000
45 0.0003692000
46 0.0003746000
47 0.0004962000
48 0.0004569000
49 0.0005529000
50 0.0004420000
